2555
2830
3615
2630
3538
3123
738
838
1043
906
4
3882
23
3255
1222
2963
745
1651
1868
2568
555
927
3532
1431
3461
3254
1590
969
7
3513
3492
3421
2840
2206
145
747
83
3368
757
160
3788
1354
434
1192
2319
85
2878
3553
156
2898
76
3085
1189
1339
1312
3573
2273
214
1318
1691
3526
3318
1910
3327
3208
1238
2533
979
41
1751
381
1875
1302
3718
2365
1375
1440
3921
1181
2323
1905
1633
972
2243
139
2486
3738
3829
2073
3522
1953
3193
2529
2312
31
2833
3640
1508
1978
2013
28
3558
2254
1479
3917
742
3662
3283
123
395
1707
3305
1908
1581
660
3762
3081
3105
2920
3395
2051
50
3703
394
2090
2670
351
200
2239
1670
3490
1982
867
2319
1142
841
856
2635
1609
837
3133
2492
3198
2697
340
765
2775
133
3959
763
1824
1194
2010
2273
3097
2658
1666
71
2460
2277
598
885
3661
3665
3399
1139
1205
2867
1149
1477
2778
3068
2308
3945
1197
1504
2775
1565
1063
467
2005
2642
1427
1663
2142
597
50
1610
584
2604
3476
1992
3800
1269
2653
3026
3897
2268
1608
3838
2360
3945
173
2722
1
3038
3109
3521
3274
894
3056
2118
2031
3860
1717
565
1877
1878
1369
2486
3267
980
2703
725
2714
123
1416
2965
2915
54
2322
1308
1149
3499
1240
1972
2501
514
3112
3839
1596
2581
250
1846
628
2321
1440
992
206
2668
657
2657
1009
3281
1910
3505
3983
3000
1543
1448
1832
3157
2756
1922
416
193
3990
2419
3601
2294
1737
1537
2619
922
2517
1400
293
3993
2796
2559
661
736
3397
2163
2630
956
3985
2759
170
363
500
1745
3703
2980
661
928
2623
695
2722
474
3420
784
1559
693
2826
3893
1684
2609
2792
1489
3239
1970
310
1559
1107
2729
163
1954
3235
1695
2473
1467
3433
2769
2949
2418
1896
20
3024
174
3941
15
599
3139
2295
2789
456
2573
1280
1892
1546
468
2981
3137
3277
3912
2475
96
175
1220
2983
3956
3716
1361
1709
3871
168
429
3978
1002
580
2231
1687
3864
2017
2944
832
2211
2199
18
3358
156
3191
1614
301
3507
3015
767
19
199
1420
337
3902
3276
2996
1055
1202
3947
2128
1632
3127
3281
3774
2393
301
3704
2270
1492
3706
1786
2174
571
299
1799
1160
590
2709
2417
3456
1348
2877
1849
1957
2874
1070
1976
2933
2379
1534
2926
887
701
1798
3500
2781
630
685
3068
1530
2732
1050
991
174
2107
2246
3229
3772
82
2344
1389
2179
2466
1081
2933
2038
2191
867
1539
225
152
244
1860
1363
326
2907
1942
3804
2601
3190
2394
898
899
2552
2452
1304
2975
603
274
3244
3957
846
2880
1907
668
2089
3148
1065
3647
2516
2315
381
3243
3171
3239
176
359
791
343
3098
299
2988
2357
3338
61
1722
3177
2542
3665
3409
2074
1840
3809
36
2962
1728
2970
1448
2167
971
560
853
3386
3332
2575
705
3111
1205
1924
1379
2114
1815
1111
3059
953
2338
1934
3055
2042
2797
1480
363
559
1158
291
3119
2222
815
1578
3421
1342
1120
347
3100
1389
1325
3113
3528
3933
555
2054
1478
1052
3357
837
564
3809
1295
1830
833
2096
823
2067
2094
1975
1612
2646
1174
1581
3342
2476
367
2239
519
3139
1379
2690
2590
2293
3132
2993
2153
3637
1112
1622
1653
3412
2320
1786
2232
1857
1056
2989
3983
949
247
1855
2564
3122
23
3498
578
471
850
1096
2674
3164
2113
849
2707
3388
2383
2378
2842
2837
1669
1321
1036
3736
3493
3417
3958
1560
910
3207
1561
1643
2953
1753
52
1296
1197
2701
3505
1491
2116
2708
3657
3922
1882
655
3702
2166
141
1791
1436
3800
2201
2246
3925
3841
718
549
2083
741
1629
229
1833
3478
1958
512
3890
1313
1756
3860
988
3887
2916
472
2863
1921
2702
27
110
1643
2844
2881
2622
492
153
187
2485
1423
2887
863
2249
2264
1955
2883
1745
367
2528
3130
2930
3276
743
2950
2355
2357
2521
1488
1666
2434
346
1713
2006
661
2300
3797
670
326
1617
2980
3843
3696
669
613
142
3475
3094
3653
1212
126
665
2559
1866
512
2933
2595
1148
2788
2114
1675
3278
503
455
2312
862
3842
307
3150
2014
3537
3244
2897
2251
2194
2490
3508
1198
3123
2994
671
2434
3499
1338
2997
787
2620
2819
603
1905
560
2781
536
3087
3594
2710
1751
193
1275
281
2668
272
3713
2562
3277
2061
10
2842
3928
2928
144
2643
3298
3134
1629
2628
2347
2949
729
345
3900
929
1991
1992
1014
3598
3375
1018
674
1414
3762
3286
2582
729
3021
1282
119
204
3223
1185
3413
3925
683
2896
858
2615
1128
1664
3931
2505
1587
3372
3966
686
777
638
3870
628
2358
2296
3283
3022
2748
1693
2263
1618
3816
1573
2777
2492
829
144
2438
3423
1182
2799
260
3862
3265
521
416
529
3198
2842
1652
1830
1900
2649
280
2351
2390
216
66
1648
2073
926
506
3238
2791
3977
3138
944
2933
651
1649
3732
210
1214
3952
1028
2028
544
638
200
2874
2172
3848
1143
2737
1421
1892
3204
3755
2663
1578
1600
854
1436
221
3602
1558
1558
3728
3216
2157
2523
333
1328
3654
2734
1447
1529
2355
72
3884
1840
547
2509
779
1108
2765
880
1451
611
3930
1285
216
374
1866
2997
1002
576
1160
1665
2142
1556
918
224
2917
2026
3814
3100
2325
2192
513
18
236
3489
3393
1264
2569
1226
932
3183
3732
1446
341
650
2658
2127
919
1906
2953
123
3514
236
2316
2785
1616
1996
1844
3845
2926
648
3155
963
266
2770
3273
191
517
2861
3543
3862
112
3215
1743
3976
47
3976
20
949
3781
3546
936
6
3017
641
777
2383
3419
2042
1842
757
1806
3925
785
3036
3043
1972
3723
2331
3476
2008
1037
2922
3082
1601
2253
2223
3911
2491
2125
643
1302
3461
149
65
1382
1473
1002
2241
1424
913
117
2825
187
3449
1727
1220
2762
2933
3783
71
2388
947
1013
1863
3017
2527
1863
2033
1020
381
3908
690
3751
1430
688
2537
1184
3401
3420
2026
391
3037
3694
1980
1776
879
3395
597
1370
2758
847
3794
2008
702
1421
1460
2481
1376
1383
1275
330
3867
376
1704
2503
1438
2585
3165
3770
3916
1941
640
3086
1724
948
1637
777
2313
951
446
2098
574
3670
3993
3076
603
3181
3673
92
2681
3690
610
2929
1418
2796
1176
2637
3995
10
1347
2278
1538
2451
252
2303
1079
3673
493
1973
1503
1488
2069
554
2223
2317
725
1260
2394
3718
688
3059
1457
379
1022
2775
2775
2394
996
718
2669
2238
1489
1264
514
2341
3236
3085
3036
3182
3580
2116
1576
2767
84
2552
1438
3683
1954
2015
1393
1645
455
312
2800
2074
3612
777
3069
3777
1310
6
68
2587
2268
2176
1
2190
1651
798
1418
2276
1312
2339
3406
3764
1224
3686
2099
1546
2600
3526
22
2365
987
2397
2893
2706
3124
2016
1816
1238
3999
2465
577
1897
3494
3524
3771
2696
3857
1419
1021
2589
247
536
2339
658
1416
958
2532
1030
3074
2935
891
1004
1744
3428
2716
1773
241
3131
65
2008
3493
1784
1519
2168
3128
317
2975
446
3260
1620
427
2225
3658
3742
453
1613
1627
1136
2642
3078
239
3967
436
3398
2221
3956
3030
426
2089
269
1631
3168
3475
950
2425
9
3109
104
83
866
150
901
2453
2995
2047
839
2044
1073
514
474
2720
3043
3414
3628
610
2787
606
496
3171
2954
3265
711
39
995
1110
926
1706
2270
429
720
466
2328
2443
179
1247
1434
1701
3918
3952
1574
3998
3952
1940
720
1989
73
191
2961
2917
2020
3167
2112
3091
3581
1583
546
3177
1983
3365
3809
3333
1022
904
2384
3520
1553
3622
1582
1322
940
192
1783
3530
286
1678
176
1876
2925
2195
3490
3499
2974
3000
1953
2520
3767
2717
2552
1388
1343
3257
634
42
1963
3205
3830
1035
3678
2432
497
3728
1898
99
738
1836
1366
2541
1041
711
2986
1402
2701
910
147
915
2395
3667
1992
2726
3067
3061
1697
3336
3526
3864
1930
1588
1142
802
3306
3036
763
1635
167
3347
340
768
2960
3058
2780
3768
982
655
425
1854
3704
794
1914
2902
1465
1219
1387
1699
2745
1499
35
1996
3592
3755
3412
2372
2377
2995
116
1243
2411
2892
269
2965
725
943
3297
1664
640
2196
368
2458
3148
2539
2218
2485
1299
2174
1724
2013
3338
2570
78
1218
857
2276
2784
2631
1661
3030
2386
2066
1210
189
899
1953
2437
1366
2024
1211
806
1985
790
2286
1977
2000
2723
1115
2397
942
3660
1961
62
2655
1554
3834
3429
3046
2205
2086
2198
3780
2467
694
1775
1251
1979
2058
1404
1970
91
3265
2216
3558
1534
1433
2557
3204
2157
1774
889
98
3167
839
927
1357
49
1630
2223
289
2122
1456
2598
2131
2744
1964
2872
849
439
1434
1721
1334
2227
494
1545
2970
824
2581
2093
547
3730
2804
3839
1557
2587
1831
636
3875
2243
894
344
2614
1329
1785
3296
3344
191
1069
3026
719
929
3050
626
117
2919
3265
1625
99
1809
1883
3637
382
1071
2371
974
2678
2616
76
2281
3655
433
648
1715
907
325
2657
2011
3305
3897
2833
2573
2858
2039
3749
80
1420
480
296
2497
1930
1161
3544
3430
3974
3711
1839
2599
897
3104
86
2461
1862
2036
3614
1768
2340
354
1935
2096
1917
1088
2306
970
1657
1228
2539
2384
1656
2032
3924
1143
46
2895
2181
3627
3424
2234
2297
377
62
2722
3336
485
870
1526
3923
3417
645
176
3381
3443
1562
1271
23
3990
2235
2302
3420
2460
2808
3076
3440
3919
647
2384
2486
1845
3555
2898
3905
1954
3220
755
545
3975
3036
1665
3399
720
3791
2539
1846
3266
1149
2332
603
3049
3809
3946
1991
252
2038
2655
119
2164
2636
2077
114
1950
1273
2660
1852
580
552
487
1398
1902
3077
2437
625
2339
757
3419
2114
22
3416
1902
716
762
1529
73
1456
2450
2897
2290
3956
3755
169
1547
1264
2511
296
607
1671
2002
3986
2466
2555
3288
190
687
2553
1609
1643
2315
2509
897
1126
2163
2715
3175
2173
1832
2905
366
3854
3307
3039
2439
3932
3853
923
842
417
594
3752
3410
1748
71
3300
644
1719
3306
2780
148
71
2306
234
250
328
1018
3762
693
3434
125
1770
2986
1726
848
1460
618
2506
543
1939
554
324
2791
3287
1138
3711
733
3275
3238
123
1802
2886
670
551
3215
2140
3459
1121
507
526
723
3762
1590
1403
1244
2425
1057
2592
1004
1215
3230
3560
2544
20
2604
2849
1855
2316
1788
3606
1982
2993
1747
529
2336
1734
2318
3092
898
3733
1208
1107
2614
3523
3155
1108
2748
3675
2824
754
1130
803
2127
1958
2452
3195
3084
794
1782
1698
1602
863
1950
2289
2220
2909
1412
731
3582
2426
475
667
2632
1619
2731
1056
1544
1105
1351
3732
2295
1101
2499
776
1267
3367
167
1439
857
1925
464
196
2781
1669
1815
546
1705
2609
3422
1161
3992
3390
2976
3524
645
3738
2571
1471
3670
1618
1959
2477
2868
1581
1461
1100
1441
1481
559
682
2680
343
1216
3126
1011
1186
2987
1727
693
2444
302
3556
2504
3593
3663
3026
209
1840
16
2592
183
54
2324
907
162
2397
1849
3792
3182
3118
1594
2729
263
3076
943
3933
2774
2705
3411
1272
2255
1609
875
3627
1679
2219
3760
253
3231
1020
1635
3670
1683
1129
1823
3113
1382
1129
3620
2166
3242
885
1459
1459
2626
107
2275
1839
2703
1960
3667
1312
3249
598
3878
3847
2583
2827
3778
1455
3737
1750
298
2664
1538
2174
1777
2494
274
3596
352
1626
2169
3698
1520
218
313
3584
3882
3876
974
3896
3655
1951
915
971
3022
2469
3088
68
3454
3286
3979
2840
793
2010
2577
3525
2160
3420
1832
1394
1370
3621
102
1997
1899
3532
1653
543
2638
3947
759
1327
1616
1778
2578
1948
1799
2896
2645
2555
1601
1443
3873
1809
2190
4
3511
1833
2550
257
2101
3168
3639
3907
1410
720
676
2165
3008
2695
3012
3014
3624
2699
1752
737
2914
3089
1914
1506
3696
2743
2129
1452
3384
1426
734
2098
3399
1189
2636
3668
2456
367
2613
1911
3150
3807
970
460
1803
3689
3473
872
1747
479
995
2872
1929
638
1663
3144
2631
199
222
2562
168
2799
1253
261
2771
1143
3543
1552
3536
3848
2338
828
3327
3416
2159
705
630
2122
1458
297
712
996
1411
1235
341
186
660
3885
1420
2443
3216
2098
818
3293
1667
2542
198
1204
1024
2408
2150
3121
661
1861
2276
2050
2103
1548
2306
805
2501
1405
348
2545
2305
1749
3179
3241
307
165
2112
2999
882
3193
108
3764
2842
2103
2812
3280
817
1922
3997
3048
3873
97
2782
3917
866
3192
257
3293
2708
972
730
2621
3670
2254
1765
2289
3367
518
1353
3240
3596
3555
3541
1359
3263
2420
2366
1893
2713
3914
333
3560
2514
3615
2705
1239
1992
653
2893
726
2216
113
602
1381
2885
2317
2737
736
517
411
673
687
290
346
718
914
2028
1574
2001
3178
2093
2815
378
1479
1490
781
2870
1815
3959
306
53
3485
1801
2330
3550
501
2892
2590
3162
795
3238
1800
3840
688
15
1701
292
631
1485
2918
2685
3737
3277
3429
512
339
3079
3498
695
941
2755
3563
3774
2929
3610
3533
1136
413
2873
2991
3208
3658
3198
2928
2990
1247
1398
1791
2082
1806
217
3376
1280
1906
3151
2198
1912
3360
2244
535
3884
821
924
709
1237
3305
2786
1435
2466
3963
3613
2493
2152
3536
2366
3298
984
3165
342
943
2417
2485
326
2373
3829
2670
3414
2227
752
385
3182
3708
3007
2648
2643
2049
439
1796
3801
2642
2656
3578
759
3242
2179
2228
3865
2530
1249
1340
3106
1860
3966
3431
3222
1082
3553
3023
3542
2341
3600
2536
1494
3376
1379
3268
1131
2384
2961
2179
1381
3986
2773
3760
2646
2677
138
1610
2577
906
359
96
746
555
1222
3920
1734
813
2508
1748
1308
115
331
1454
1355
370
3083
3655
3087
2087
2607
1745
3260
2512
3415
30
3129
1017
403
2087
2150
892
2665
1678
1821
2630
3453
2958
2086
3139
2991
1395
2863
257
2038
230
2456
2787
1676
928
3138
3702
3224
1026
1024
957
3246
189
1779
2290
3194
2133
318
629
3290
3257
1489
2813
3421
1413
1012
678
2676
263
2321
849
2603
1133
36
283
1377
871
1530
472
2626
3428
1692
2339
3942
518
636
554
534
846
1998
3395
1848
3297
1
363
2329
3629
210
1918
378
2915
1578
1225
3061
2208
1088
770
372
3658
3289
2356
573
1509
3626
2598
1432
3418
3427
1060
3080
2356
1329
1254
1248
137
3021
2702
2766
1842
1184
3858
1155
279
3244
3942
2999
2745
1337
441
257
1980
2801
3246
3771
1308
3609
3798
585
485
3585
31
2354
146
2842
612
28
3850
965
1199
1308
2463
3470
3791
3364
2065
388
3841
761
2049
1099
3934
3592
3548
2855
3097
3410
1874
1747
1530
884
784
3845
1265
1177
1509
1415
1588
2547
2367
1244
2889
1363
2764
491
2492
1834
912
1383
3642
2942
2057
2716
2814
3156
2899
555
808
2845
3781
2503
3538
1921
2129
2862
1043
1246
2636
3225
2113
2839
3794
1564
886
1539
2430
3690
2811
2288
2605
3348
717
2558
2470
3022
1473
3366
2077
3469
1782
3208
3678
2660
1915
588
3582
187
949
2252
2437
3758
1220
3988
19
798
1358
3909
419
3504
1134
1318
601
2962
1689
1553
3379
1688
671
1549
2463
1013
1875
1372
3591
1127
3399
2031
3153
3172
1285
1812
1915
837
357
2074
3368
683
1408
2019
2059
3565
1470
3789
2409
532
1552
2066
3390
2449
3433
673
2699
1521
248
2084
190
1451
1675
2045
302
877
2281
2188
1676
2294
2142
402
3479
1188
1793
2940
885
3352
544
3930
3139
645
2900
3954
3901
356
1709
1002
2440
3718
2128
1853
3843
3051
3940
3160
305
2706
2625
3166
2984
85
369
2042
3650
3314
731
1515
3742
2248
3330
1994
3237
96
3302
2674
2512
1602
2406
1035
3279
2816
3641
1827
2889
2340
759
277
366
3056
181
213
3975
2820
2170
3860
2283
3610
2863
3983
835
3440
1123
2611
210
246
1258
2558
2730
1738
493
3339
1665
431
264
1453
3093
966
3694
2094
3845
2697
995
3182
2251
3344
3338
1726
1016
983
1650
1894
415
1690
742
3583
2654
2260
1770
2434
720
1055
1670
3214
3371
2184
2679
1178
1202
1567
2589
135
3109
3841
2779
3924
1442
2822
19
537
3722
3473
3286
3740
203
1052
619
2283
2166
650
2224
2149
2940
3851
2388
2106
1727
2044
3311
3380
3731
301
3158
3147
3440
1253
88
3405
139
2790
990
872
3559
1330
3564
3117
1150
3793
426
780
1054
1044
398
300
3196
2155
3133
760
3962
3220
446
1494
72
3699
3269
2821
1257
250
2249
810
1816
2725
1972
3125
1867
216
1303
3616
2365
627
436
2849
2661
1241
152
1539
3584
131
747
3595
3283
3611
1937
741
3351
3023
63
2706
273
98
238
1547
85
460
951
59
139
2351
2135
1231
3519
418
2165
3562
529
1541
3418
204
950
815
3146
1103
1966
3624
3527
1358
700
1462
699
416
1856
2387
3385
1188
854
3026
3875
3644
1912
3885
3572
3424
2452
3536
1095
986
2151
649
47
2161
2946
909
3272
1069
2834
2848
2082
1818
3987
1206
2325
20
2811
2627
2402
1451
682
3453
1437
3236
3918
2080
2635
2942
2067
1837
3858
3260
28
3459
3171
4
1735
456
569
3271
3203
1851
557
3421
508
723
2674
727
2291
41
3666
1109
2067
2013
3766
1699
2845
3321
1385
1915
3820
1410
1012
1749
217
1682
2837
784
1874
66
1459
4
2266
2362
784
1590
929
903
35
2833
1076
1342
2172
3050
2103
804
868
1210
2392
1654
1270
2581
3742
208
65
1778
859
685
3032
3874
923
3164
3719
2702
1439
2606
2915
418
1712
2695
2095
2447
2627
278
1176
2441
2602
3378
3310
153
1607
1927
3583
3637
788
2994
281
2798
2489
3860
2252
3950
2597
2923
1806
3024
3175
738
3792
2841
1026
1790
341
293
3907
2021
1718
566
921
704
3705
235
2554
3308
1536
924
1832
3892
2486
2988
1643
1179
3181
1061
3465
1418
2694
2473
3409
2569
65
2378
2268
901
1812
1652
3605
3779
3337
3393
1515
2784
2244
3894
3612
2672
598
3491
2908
89
1635
3084
559
2644
3412
2298
2184
3941
1705
915
2250
3785
2270
3510
1502
1927
2605
3419
1569
3804
3497
1722
1389
2654
305
1107
176
1325
1861
836
2384
1887
167
3267
1356
2031
616
2120
3741
2792
135
3368
1235
2172
2996
2347
3902
222
2916
1619
808
3632
921
1968
891
3730
3085
3012
972
967
2506
59
3331
2924
3689
557
3076
1483
2944
54
1921
1599
131
3593
292
2368
791
3088
2565
2657
2582
3559
593
3847
3491
3563
3180
11
3327
3192
240
1750
1442
3287
895
3883
1222
1057
1473
1888
3872
3981
2467
1542
2258
3962
3512
2237
1054
2007
3623
1030
489
2293
1190
2155
471
327
3727
454
2599
3780
3742
764
1026
3463
3300
1693
3991
703
2012
1578
2122
1469
764
3166
3849
2806
2865
1311
1910
1397
809
3736
740
3144
1189
3678
3178
3812
818
1862
3598
1551
2665
2478
64
3
73
1197
735
1442
1836
2402
407
5
3420
1
2471
3684
284
3249
3416
2722
3302
2804
1051
2141
1360
1757
3984
1649
3764
60
823
202
3754
1840
1339
3213
953
1195
1831
2667
3658
3158
3471
410
3431
2379
1916
1895
2828
3486
1651
2554
1646
1991
3157
1457
488
3183
2548
1405
240
2805
2078
2313
95
3263
2606
2476
1388
649
3809
1454
2391
3305
3083
1695
1055
2450
1600
1044
2035
3645
3673
3948
3628
3394
3612
698
2047
1892
212
1839
2004
2094
2674
531
1837
967
188
2217
450
3463
284
2889
2311
52
277
82
3501
1621
1705
589
2010
1550
328
2790
1563
552
1352
2813
309
1128
1888
1111
3336
3377
1463
2848
758
3180
756
2248
2918
3860
1825
3725
513
3210
3061
2655
2669
3425
2272
1485
1717
1878
3679
1530
14
3983
828
1869
2650
810
3877
3702
789
88
3764
2077
2812
273
1058
901
2737
1185
3808
1169
2018
3882
353
1295
1476
3014
1077
102
2933
2998
2677
1348
2354
1472
3978
1000
1161
1684
1190
3076
2506
1877
1706
1900
2417
80
3920
970
2451
3178
3171
501
720
3613
3455
910
305
3902
83
2451
1185
3232
1644
2889
2836
465
2407
2212
886
669
48
1455
2075
2751
2900
1489
3758
3811
99
2601
2995
2983
3535
2169
899
1942
627
3604
1237
1180
143
3013
3427
3424
1360
1190
2479
801
966
2147
3777
2339
1765
3231
283
1056
292
2667
3221
2808
145
2793
813
2959
2510
2270
2433
279
3085
3944
1493
1448
912
3256
3070
713
2690
1408
3597
3465
170
2942
1470
2012
2459
879
2750
416
3224
2757
471
1006
1100
3215
2617
1728
23
297
3618
996
1393
145
3421
311
2618
305
3582
2140
1621
1571
1548
1535
1138
1309
701
3444
400
2739
3204
1238
1137
2181
782
840
668
1872
1802
2657
1617
2941
2319
3
3771
2648
3212
1636
3125
3138
3892
3227
3193
380
382
3639
2645
303
2240
1199
506
557
504
2001
2189
2962
1991
1451
3196
217
114
3864
3626
396
1027
2929
2740
1536
3328
3293
3761
3077
1364
1691
527
3915
2523
299
1561
1163
2261
2629
2836
1889
1877
1425
585
400
1535
1158
1507
2230
1866
2615
3479
212
2957
963
2733
2862
663
125
3886
155
833
1155
3194
921
3722
261
1673
1750
1631
828
211
1864
3589
66
28
2017
15
1045
637
3635
3942
540
1806
2267
3255
1510
2368
1754
1941
2304
2583
72
2971
2784
3025
1640
2632
1829
2755
3535
3790
3998
1534
1281
2930
3225
2721
3073
3134
3139
2164
1149
874
453
706
882
767
3355
914
3241
637
1172
1604
1891
2987
727
1341
545
3335
2634
2091
111
1958
2619
1500
3931
1120
3389
671
3317
1674
287
2392
3890
1144
382
3113
1565
2563
616
1717
3072
1695
869
2194
1793
1165
810
1974
2464
1646
2139
1986
1453
2547
3469
3974
3665
1964
719
2207
584
1966
1166
845
2519
1221
141
1311
2003
467
808
2978
732
2038
2272
2711
654
2297
1855
2880
2134
3803
1673
736
507
1738
3627
941
3197
2206
423
2912
200
2749
1895
20
2384
159
11
2173
1978
579
379
1192
2888
2395
2335
2213
409
1883
592
1987
823
163
2591
997
2524
3565
1725
1652
964
2069
3323
2210
925
3626
59
3259
38
2143
1726
1023
149
3854
3621
517
3344
1487
286
1430
3192
1768
2992
2138
3432
499
959
894
258
466
1729
3319
3135
3503
2494
2394
1620
2445
1742
375
2919
3872
201
886
2345
809
1116
809
2850
2813
1819
1675
1155
2792
2896
1224
1187
2361
1568
3416
1490
3086
2036
2571
3267
787
1276
3836
3057
1420
1393
3894
3670
1136
3586
395
164
2294
3834
2751
2393
3356
2464
2898
1257
1141
1586
489
1650
1314
844
725
126
2560
3942
1278
304
305
1303
185
1176
672
2383
3479
1056
117
3868
640
2014
824
247
1175
373
888
2526
973
1238
1515
2777
1276
3715
766
891
3549
3597
968
138
3291
111
2833
1405
982
3263
3012
870
2568
1397
3566
2957
2003
1931
85
2612
1333
3794
243
2824
1677
3579
3124
936
420
814
3226
591
489
516
735
401
1690
3286
3451
1007
3010
1305
1164
1428
881
3759
1811
2622
1290
3523
1578
3451
1814
3562
1422
45
865
2085
1706
1914
264
2862
3405
2575
872
2196
3441
3551
2662
1855
951
2869
3140
3526
3763
1194
621
2347
3018
2862
582
1220
54
3021
775
3116
2775
637
979
3526
2960
1409
246
3522
3813
2864
2799
3402
1543
3648
1628
3407
3997
1178
1166
1551
3044
1963
2695
1431
2555
2393
2330
3195
2745
3909
2357
1212
3636
2355
2622
1025
353
3604
2689
2686
1883
178
3847
3822
1006
339
2373
1086
3639
3966
293
1483
1105
2513
2380
1123
547
1538
194
607
353
1371
3997
2583
1289
3587
2157
1123
1256
1501
2493
3978
3682
496
1552
2780
242
3360
2890
54
1080
235
1765
1370
145
2263
2138
1062
413
2301
2002
1200
715
881
3405
2053
1467
2655
3384
3137
3535
613
2554
3233
3281
2468
2459
1706
685
7
1808
1927
1958
744
3324
1996
3379
1893
468
884
525
1709
1035
1514
3243
364
317
3037
3835
1762
607
1928
882
2153
662
1330
3112
550
3456
3133
3212
3027
1611
2531
3584
829
2744
199
1889
2570
1150
1132
2434
3178
939
528
2684
1779
670
2318
3248
3137
1050
2205
62
2138
1178
327
1382
268
1742
97
2491
1510
3469
596
354
1759
3432
1265
1597
1414
1232
941
3844
3442
848
2273
3598
1722
2616
2828
1350
343
2584
563
3214
713
1513
3334
2118
2396
2956
687
564
2380
1428
867
2462
173
1550
1166
3182
2873
2112
3989
1673
200
3849
1774
276
2231
2746
1521
2752
3077
564
50
1273
601
3664
1054
2190
3334
2673
2122
1950
1925
2607
1117
655
1369
1284
3587
3375
2874
3843
1117
491
3431
3796
2053
872
2756
1011
1797
3514
674
1473
552
3234
2394
2608
166
2182
1825
1564
3095
1759
701
723
1483
1796
2812
1511
3121
1924
3570
2949
2839
3409
1317
839
1918
2090
3287
3883
2402
878
3669
1441
592
3859
57
3495
974
3463
125
1935
1768
2975
1760
2286
497
1155
1818
3348
1359
3768
25
3229
2059
678
692
1786
3757
2124
1870
2994
1328
303
230
2374
1707
1199
2077
2073
3210
2720
1091
1685
2012
937
3894
3848
3846
3462
3800
454
3064
3546
2148
574
2904
3156
632
3363
173
3983
3169
2776
3904
743
2478
3334
855
2986
1243
3258
1151
666
1464
1150
1963
651
4
2534
1078
1603
2881
1078
2805
100
1990
2203
2332
1339
602
898
3070
219
2130
2702
3709
3900
416
174
3707
1284
582
1473
2842
2595
1638
847
3881
3289
2706
3276
2115
3941
288
18
1348
3478
3455
2704
3916
2617
1346
1447
3069
1394
1196
612
3716
516
594
1550
3582
2595
2608
2672
1212
3966
2036
1668
2894
2217
858
3245
2969
2284
1463
1054
854
3620
3791
3391
3131
2632
1934
3578
739
2388
944
908
652
84
106
156
2811
471
2520
2473
3611
167
3722
789
1089
3364
1494
2930
1664
3295
50
400
264
2314
3513
1847
1682
1935
1566
748
334
3078
355
1857
808
3107
3256
689
2794
1899
1267
3716
1471
1285
3706
3846
1728
1856
218
2895
1700
749
3812
443
456
3899
549
2005
143
3861
1509
2609
2469
28
3561
1861
359
1573
2625
518
1641
990
127
1041
3940
2985
2766
633
217
1994
3994
1825
611
2374
2238
1801
1584
531
2438
1513
2998
3234
2824
3770
2758
3947
1536
1640
573
1707
386
526
3572
1502
2507
1946
1857
3780
1128
3845
794
286
2069
3045
2143
2228
3504
804
1884
371
101
1943
2624
2948
3176
889
466
1243
150
1902
1426
382
908
2856
1707
3125
214
2453
2634
501
3411
1805
955
1931
1144
3661
1279
1450
881
3655
1329
2643
1435
3669
2620
578
1666
2972
2126
1183
3246
3155
2033
3639
2173
3179
2975
1722
1735
1216
788
610
1775
3583
2200
434
3793
352
1585
2329
3051
2970
1714
3520
2666
1240
270
415
1860
1785
3451
3153
3636
1543
3597
3402
424
3188
1787
2898
3288
2200
1460
2609
3376
2109
3716
274
3562
3656
1814
273
3452
712
3744
1797
2422
155
3017
3397
2242
756
517
257
2984
1960
1477
699
1396
1573
2204
426
1411
2300
40
2393
1003
3568
111
2974
680
3370
167
1551
664
2499
1035
2152
3454
2856
490
3489
3786
867
2076
1408
2087
2561
3186
2208
2469
1242
2284
1221
1857
2458
1318
3530
1570
2804
3778
3508
1441
2278
3304
3144
3671
1996
1126
3971
1668
73
3249
3783
813
3440
3189
2216
2919
53
1450
129
3949
1974
1454
1193
513
3177
2162
44
3987
3471
654
2750
3160
1174
2545
3685
675
3222
2020
1826
782
3258
883
2270
71
1804
3524
2013
1488
1035
704
2612
1964
2958
2037
3025
1432
3221
2017
2272
3460
726
2635
3716
579
3807
2076
257
1620
3542
1875
3259
180
975
3022
1979
3117
1147
1560
449
1856
3772
3885
1449
3206
1675
3044
291
2538
1050
1913
1539
1438
484
2863
625
2593
58
3564
2977
2726
1867
770
325
2702
725
3725
3759
3874
3597
1403
3662
807
1903
563
2145
3941
3655
1009
1321
1370
917
930
392
316
1957
616
1309
28
2753
1279
2052
3470
2943
3278
662
590
1077
1213
1528
671
1204
2047
1923
3395
921
3069
7
3125
2643
2629
1959
3053
895
3329
2727
1404
1043
2905
3418
844
23
2655
2118
1126
1791
789
3622
2492
3605
301
3786
141
1310
3837
2009
677
2875
960
2762
3957
3192
2840
182
342
1560
3610
3319
1312
2719
3070
1301
1465
1567
2016
2158
2879
2933
2186
1769
176
3491
2942
1504
664
2395
3687
1672
184
2865
2298
3708
1877
124
3995
1162
3541
606
3553
1324
1016
1671
1578
3018
3195
2089
634
3170
1208
3621
580
1058
1752
1655
64
3852
1036
1803
1928
1073
1700
3937
740
2487
673
3527
515
442
112
232
2023
2141
2705
904
1356
993
2229
3739
3943
3322
3975
2980
863
229
155
412
1880
3531
458
1097
2700
3464
1646
2762
444
2317
2815
2069
3677
1355
2336
1857
1206
1482
3072
2201
3177
2174
330
1299
1541
3023
3737
3556
3957
1313
1876
1944
2160
2105
3536
1955
2390
2786
1290
2057
3176
477
683
2003
3242
2759
1788
950
3835
3762
2391
3854
642
2000
3168
3720
715
790
1014
1522
73
1628
2809
379
2588
1710
1424
37
1545
3251
2674
2123
213
3432
2639
3003
2496
2859
2172
2028
3099
3996
428
465
3228
791
344
1973
1270
858
1178
2435
1857
2542
219
1461
2790
2325
1928
3364
581
704
1347
1761
2411
1188
1741
3310
432
1212
904
807
3749
2968
2688
866
2203
1760
2800
3005
2697
3759
1408
2747
2803
1745
1965
730
322
12
1712
3925
3185
3222
3725
602
1919
628
730
3463
785
3143
3137
2701
3545
2013
3024
3478
2971
195
2829
2505
1375
346
3272
2099
3193
206
861
1259
194
2189
1539
1455
2640
1509
671
111
1130
1556
3928
1068
1836
3586
1579
2896
1190
1243
3796
2733
2711
2146
1293
1927
1314
3814
3899
3694
274
1501
942
3544
1951
1914
1639
1480
1617
3793
289
15
2878
3335
2710
3741
476
1063
2021
1082
1252
382
1012
1586
192
1553
2070
3340
3370
3379
167
3773
2617
3573
1544
3912
3801
2603
391
2038
2483
294
1545
1156
2353
979
2013
3669
316
2074
1940
562
3181
802
494
3751
368
1767
1267
2748
1995
3882
274
1479
328
1653
629
1831
2106
3771
2815
1327
1465
3934
3884
1690
1803
3973
3390
1070
2257
794
1434
1588
213
2900
3589
3318
144
917
788
3079
1026
1848
266
3279
1921
3825
3279
119
2395
3773
2586
3762
1182
722
820
3235
162
3383
1668
3903
1475
1431
1565
1181
882
1877
375
1071
3949
3430
888
3606
1518
362
975
265
876
112
921
1791
470
1487
2033
1253
3022
2114
2937
1508
126
2976
1037
519
116
2666
3778
2066
2925
1949
1533
2211
3254
1496
3027
1699
2912
1921
2016
820
1814
49
923
1056
1380
3816
608
3397
3644
2124
1699
2693
2534
1288
3692
2815
2562
3455
1705
1104
2620
1912
2848
278
1289
1437
269
1573
1739
3132
568
2989
408
356
1325
2945
3827
884
1967
2621
2492
2982
3659
2906
1055
2491
2146
2812
933
1310
1395
64
2343
116
3354
3021
1732
2644
872
1255
2820
3389
518
3056
3964
859
625
2376
3455
251
2521
602
1273
2086
1663
3065
1984
1437
3838
2206
2327
3597
2298
48
935
2669
2636
3295
1181
3623
1366
178
137
166
1906
2896
132
2931
2462
654
720
1176
3220
64
1000
1341
1597
999
1534
2235
3753
2404
1004
2041
2794
1271
502
2562
2732
3348
2731
791
1456
2802
539
1398
1517
2789
424
1533
2784
3085
2899
1350
3574
573
223
1072
3759
3406
3226
1643
3092
2103
3641
3386
810
1288
3333
3576
749
1277
1354
3642
179
2356
3512
833
2783
2747
2934
2081
3241
3296
3267
443
3696
1913
2172
3016
2601
1694
847
3083
267
610
373
1262
3976
2653
758
2120
3438
1433
2851
497
783
1759
815
3172
123
2115
1863
88
3800
3666
3520
748
2646
664
3662
2887
2972
773
904
1515
407
2332
2687
1726
3750
3087
3384
1036
3669
1421
2421
978
1036
3829
186
1091
1830
651
2173
3617
641
1549
2189
1653
3718
524
2265
1638
3384
1347
1485
2000
2249
2174
430
48
1660
666
3974
1347
2014
835
3052
2710
3164
3131
2787
1935
354
3068
3669
3492
2129
1227
1832
3879
889
3467
3987
470
3252
149
2809
2803
1088
3504
2340
2204
1837
656
2640
327
2593
3347
3302
554
2153
1090
2097
3819
2936
430
455
1379
2724
359
585
3085
2415
2258
1041
942
584
3899
1904
3074
2059
1174
2614
589
1624
3728
2968
190
2001
3040
3790
2002
819
342
2209
1650
262
3632
3955
2270
311
937
801
883
2104
3340
824
3454
3073
3955
1788
3482
1327
988
2888
3202
1342
1464
3504
2925
1566
3882
587
3051
3308
2764
1431
1631
239
2435
504
1531
1848
1570
2231
431
603
3470
3644
1478
3862
932
2929
3911
186
1051
1984
2752
2269
254
3978
2001
2111
3953
1150
1574
859
1853
634
3308
913
1284
1837
1143
742
3366
2647
1792
2779
3989
2691
281
1072
2994
1680
1665
1540
2616
3900
2844
1878
3259
656
3030
1211
164
2997
1083
3576
723
309
3572
1837
1380
2670
1839
3964
2
1287
3286
3980
763
2711
669
3930
3572
3024
2979
2071
1761
1759
2017
55
636
1344
1530
3462
2752
2998
1299
178
1848
104
1915
2091
1710
672
1163
708
343
3547
1348
1630
225
1953
1032
1484
3042
1822
2351
1514
3865
490
1284
2930
2540
2146
324
176
2118
1607
1678
3168
2971
3031
2053
2224
3220
3373
2998
144
972
1621
2598
3761
1643
2482
2320
180
2327
694
3161
1302
3589
1840
1684
3800
3087
3476
3349
877
1376
2630
2597
2574
788
2580
2344
3397
2487
3089
712
2219
96
1294
1725
1936
3867
1635
3557
717
1383
3182
2399
3470
2083
3406
2548
2455
394
2856
3726
3158
680
2276
1990
1038
2354
2139
878
3268
943
2354
280
3
2468
1423
676
297
176
2279
641
395
705
2220
493
154
3141
2748
882
3895
1102
756
3025
3635
3947
855
2138
3773
1888
2524
163
20
3993
3619
265
1423
427
3657
3477
1244
589
822
2385
2111
885
1063
257
2503
3686
602
1462
427
3596
1540
1707
1869
2996
1107
3742
525
1273
2574
1088
1380
404
394
490
1285
300
357
2903
1211
178
2752
2190
2553
750
409
2899
687
713
214
2512
846
3670
170
1899
2514
815
3487
3789
3145
839
2886
1922
1841
1593
3878
1999
731
3543
3930
1268
427
1363
3123
3215
2488
3832
1400
2775
1009
806
3617
2330
2446
3447
2286
83
2760
2353
3233
2896
3584
2775
1446
2261
1973
2566
974
1064
1230
1675
1438
3518
513
3786
338
165
225
1494
87
1570
3081
1816
1488
150
2305
3106
692
3988
820
285
2051
459
313
1878
2703
1922
1355
3651
770
645
3144
2171
763
3586
3752
3627
49
1571
2480
2020
2052
2187
108
2797
2703
2346
3123
3138
1854
3863
1522
2811
3722
973
3003
787
3422
2184
11
3087
3432
3804
2318
1497
156
77
2764
3837
462
2310
1577
779
704
3999
2159
1963
2057
3151
1000
1128
1457
3716
2218
3085
3670
230
3260
2929
2568
179
1761
2635
2413
3059
2914
1204
1840
3043
164
16
3218
991
1312
1500
1744
3203
3156
1185
3677
3742
1646
581
1358
3468
2446
1206
126
83
667
3477
3178
1530
1726
1298
3341
3422
3462
194
3587
413
367
1269
56
867
3613
193
1243
1217
3062
2964
2541
1799
69
3200
1691
2936
2222
3439
3437
1241
3820
2675
1160
3886
2196
725
86
935
759
3270
3331
653
2801
2680
2778
1252
1692
3926
3208
205
3808
3967
188
3213
523
479
1278
3537
3944
1952
1216
1498
1996
1887
3208
1471
3665
1153
3053
2123
1625
6
1535
2516
1173
2710
3300
641
3351
195
2236
379
471
2922
2496
315
1152
1169
1860
1720
1837
401
3397
273
2463
2048
1284
1553
2816
1047
1704
1797
177
3205
2501
257
500
2307
1430
1052
1644
12
1646
2661
3185
3638
2770
1625
3600
1395
1860
1855
864
3494
1784
3783
2904
570
3559
64
380
96
3280
3160
1421
1188
3265
1779
2191
724
1584
2008
2284
196
549
3436
1565
3179
2176
3637
1001
717
1833
3002
3128
2599
2302
1197
2832
3523
3932
2256
2937
1606
2322
1669
104
1990
552
346
883
768
2824
1904
3613
3028
2676
636
1681
838
350
399
512
2599
616
3115
2223
2655
442
389
181
431
2401
2346
604
3762
310
3748
3793
791
545
3262
2345
883
105
274
921
3227
1804
245
1607
521
2902
670
3628
3498
1950
3754
2505
2862
3779
2269
3891
1365
399
2943
3074
2551
2914
711
1486
2127
2581
2305
1228
2486
1602
877
1820
1192
2489
3939
735
474
220
538
930
2049
3491
3752
1604
1412
1670
1427
3098
3111
1151
196
794
2662
989
95
917
2379
966
3122
335
644
1080
3008
2141
1108
2739
2298
2342
1354
1912
1214
3135
458
2882
1106
2098
729
3016
2856
279
2295
3827
3649
2675
1239
3202
1579
1269
1970
3861
2928
1296
1348
1757
1833
696
948
2199
866
173
3054
1581
2592
67
3502
1553
3337
2459
3731
2839
3262
3063
2689
2924
1546
600
3940
682
1477
380
1645
3295
1540
527
1314
1387
1960
2506
867
2615
2722
3102
3341
3573
2993
420
3959
2748
1217
2693
1580
283
2601
1914
3781
1138
2960
3864
2769
2853
1688
3610
2055
21
10
2880
1961
100
649
2903
277
2016
42
203
867
1136
1025
3865
992
397
3620
1219
2455
3368
1197
2765
2026
344
2068
2757
523
16
3754
3564
2681
3752
2950
895
84
888
2078
377
968
1158
3108
1278
744
3626
2782
465
2532
3103
1454
1600
56
2995
3703
1127
2419
2444
3969
2882
2662
1442
1960
276
3840
1767
3576
2908
1606
3788
2741
1738
591
902
3973
3801
1304
3131
3911
533
1860
2661
491
3850
3891
1326
804
56
3464
1625
701
2133
1704
532
3173
3768
1311
61
257
668
2535
1407
1418
3989
322
3984
1657
225
3959
2720
2999
970
1109
2439
3550
200
3651
3996
2457
3449
2874
797
3832
3677
2350
3756
657
2593
3501
614
3249
3772
1258
2259
1732
3546
3999
677
3466
1561
3118
1524
1961
1374
1170
3942
1682
47
488
461
1702
1310
136
1402
2156
3939
3003
3819
1152
2416
3858
3745
2108
1074
1555
993
1976
1274
1299
3902
3988
3327
2861
2096
612
3014
2592
1682
3385
1311
947
3504
512
2613
1937
1868
2574
1958
2881
1907
1854
1366
970
895
40
135
1244
2632
1782
179
278
2153
851
2272
3673
1065
2844
3248
1997
3184
2070
581
1285
2140
3976
446
1153
3190
1285
1433
1627
3858
1091
632
3907
1768
2004
897
180
1861
1691
3006
853
490
3639
3210
1393
2186
970
1043
1115
2664
1982
3012
37
3860
847
740
2842
3176
3644
2032
3717
469
1605
2572
2248
2605
738
3149
601
3647
2633
374
1705
62
1012
1321
3591
1152
3333
1174
84
3335
3726
1956
1340
2347
1416
3070
508
3359
1974
2648
2828
3312
1723
97
2286
2854
1117
1449
2855
3677
1179
1012
3049
1043
2935
488
1797
2801
3518
1881
1004
2407
2898
692
836
3462
1465
3366
277
3350
1805
848
2074
1091
1443
1477
3374
3536
715
1751
201
899
3095
2335
964
2719
2321
548
1323
1662
3507
262
736
2408
665
3591
2113
1195
2410
3048
2770
1723
3784
1153
3617
1610
1199
100
2345
1981
2152
2659
1024
1994
2019
3508
2732
1161
1645
2692
3627
443
3584
212
3040
1793
3231
1251
3552
974
2657
2593
3355
455
3881
2207
3283
1075
2951
1620
1984
165
1889
3499
2722
3509
3453
2057
650
3132
1463
197
1255
619
2925
1495
3736
3778
912
3589
2301
3498
428
190
3922
1647
2660
2832
2779
1808
52
992
3086
3605
804
53
3511
1
3398
3691
2874
2180
556
1481
181
2836
603
260
1508
2331
2360
2782
1204
431
2748
895
412
1755
3100
878
35
371
995
2341
3337
3270
3461
2779
2224
2129
3535
1524
1144
2757
2578
3141
3647
3175
3987
847
1478
1935
3794
1020
3746
604
1520
3796
3214
2343
2836
589
3799
1812
3193
1952
864
895
2329
620
3965
2015
3898
2411
3580
3613
1193
277
1050
2601
204
3842
3037
642
3226
918
1956
3107
1931
1127
3553
2050
2997
3467
1237
3262
2080
2688
3275
2304
1011
2213
154
935
3548
2848
3942
298
3970
1299
3612
1472
2883
2648
2078
57
2776
1481
3715
3614
1507
3450
2362
3423
3875
2394
3290
3715
725
3036
3840
1395
2356
2102
3193
2010
948
1943
3871
640
2225
2212
1336
2928
2071
3979
1426
2884
2224
2073
2217
3015
3695
3926
106
3666
913
1246
1987
3469
1754
2196
2833
2419
2356
699
3301
3785
1376
52
3292
924
3350
996
994
63
3479
2435
109
341
30
2175
452
3652
1227
783
2594
2081
3975
340
2074
1043
2559
1912
1272
3302
3839
403
30
24
1096
2469
862
3562
1685
1126
810
3658
3546
320
1626
3263
2935
427
3516
2779
3323
529
491
1894
3743
951
2775
3261
595
1694
1833
1880
1137
1583
1365
1
1983
2669
1416
2932
1070
1266
2944
3837
3031
368
444
2306
1824
3719
3258
2515
1253
2404
3890
708
2739
224
3393
3468
1331
3471
3489
2190
2721
1169
1903
3822
2344
1238
2562
2874
2259
2740
2885
3917
995
3332
3671
269
3449
2134
812
1280
3352
983
2317
1389
2880
1039
2019
737
1243
26
2952
243
1793
1447
3118
1896
1897
2587
239
1046
1457
1892
263
1417
1879
1198
2846
252
2290
1898
543
438
215
2959
1345
13
1453
2142
2904
2609
1123
1379
2057
3425
2115
10
1505
2421
2182
3751
431
3670
210
3583
2616
1622
3288
2249
2036
738
3189
445
2570
1184
3918
2890
44
521
58
251
1539
1697
3135
324
2566
1780
1707
175
2146
278
691
3529
3299
1894
471
1312
1832
1752
2396
1519
3605
2996
2512
781
2125
1856
3903
1880
881
2854
814
3479
3303
2226
671
480
3431
3810
2264
2756
3755
1482
1669
1314
461
699
916
3347
1814
351
3149
1131
1342
1139
3525
3335
3115
3293
3459
3125
1166
79
2817
2121
2718
2500
2494
1965
2497
1906
3591
3391
2002
1273
149
3925
3580
2617
3696
3446
1445
2866
2545
3610
777
3774
851
3479
2873
333
1856
1118
1368
2992
3879
3053
2843
800
1613
216
3961
3380
1315
1019
1789
771
405
1165
2983
3731
1821
33
3394
3747
2155
2870
512
2742
1778
1444
3245
714
1295
3278
1108
2737
2332
2105
2162
1450
3398
2030
414
471
2924
1360
307
3504
1520
1444
1864
2061
2786
3766
3750
466
1913
1071
738
514
553
1534
2245
1964
1573
2229
2939
833
1507
1221
1
362
1853
18
3810
3861
739
2206
276
51
1495
3532
1864
2203
3305
1268
180
917
3827
2793
3656
1391
2993
568
3639
723
1793
1314
2864
3377
2845
373
218
2181
2250
1846
1256
1953
442
1048
2154
2811
2695
253
48
1276
3802
2215
3018
1950
887
869
2106
2806
3179
864
3583
3648
3715
3067
3830
446
1700
1314
3660
1457
216
1249
2893
2219
711
3415
2430
3344
3165
3281
1120
1573
2783
1203
2044
3829
2930
942
423
580
2398
3102
3347
453
2481
804
1687
2649
3856
1641
1204
742
2181
39
1174
1593
3821
90
2875
3995
3527
894
1131
1300
422
1188
1918
3000
1780
3393
1487
3175
1288
2621
2195
3984
2227
550
1226
3505
2557
600
3393
2704
3358
1072
706
1538
763
3672
3419
755
3304
2732
3602
430
1643
3530
2318
1850
2189
2825
463
3017
3208
2789
688
2068
3850
2079
43
583
417
2643
2252
3619
3358
3132
3743
885
1726
3337
2393
582
850
423
2597
1528
2329
3710
3568
1178
1317
3404
728
2387
1471
3485
2118
3629
1355
2595
2978
1373
2214
1177
1816
426
2598
1773
3302
2875
3870
722
577
2381
3227
3063
3205
428
2753
2365
892
1253
2761
3672
2715
3287
443
754
2530
2045
819
3841
3871
3384
3733
3350
2073
3050
677
166
778
3697
3250
3072
2255
3102
221
1774
2607
1878
1884
2283
2038
2447
2110
3416
884
1723
494
258
3665
2457
697
1739
2140
3801
1209
1875
1124
3746
47
824
2636
1690
2761
2908
3033
3957
2698
272
643
3949
2937
2261
701
3113
3211
2322
593
910
3435
3083
2857
2989
1625
769
2504
3139
3444
2939
257
2040
411
3648
3529
3085
2800
1789
3873
2270
2429
2341
2777
3282
723
1895
1915
3188
1893
2490
63
2605
3295
1727
1328
2958
2003
1983
1968
3630
925
956
1640
2190
815
318
291
2425
2636
2720
1125
3466
2333
1085
289
2347
2246
1523
1355
565
3524
1211
2936
2780
2017
1202
2218
2680
2335
1797
2529
832
1756
1552
810
3597
3369
3639
439
2281
193
1460
2518
2595
3516
3858
1201
2098
3192
1886
825
1327
651
293
1667
1996
2246
462
994
3966
1878
2721
1326
2998
3034
615
1810
441
1888
697
2805
772
3258
2865
2245
1117
328
721
847
828
2408
1238
777
3080
2591
1318
3848
636
876
303
2737
2389
2221
334
2535
1046
2298
3003
3581
2044
1145
2118
3294
2218
1113
33
2945
1138
2750
1719
1117
59
2390
116
2773
148
3405
870
1930
1622
1998
2896
2441
3150
3964
128
899
2741
2901
2727
2585
2275
2557
1180
3304
1961
3610
33
3510
1993
186
2555
3189
2682
317
3535
1058
898
3808
1931
658
666
955
3784
3993
2339
811
3515
3651
1382
750
2404
605
3547
3194
1573
950
2181
92
2003
2392
3808
779
617
1744
763
364
1673
3486
2326
1641
2460
407
3288
2742
2724
427
2176
1971
1912
2405
3019
3380
223
320
938
3886
3558
488
873
3707
2290
177
39
2767
3573
2138
564
1169
3089
1335
786
150
1014
685
1765
82
259
1640
3755
3343
2464
1896
3198
1313
775
2230
1982
839
1571
1124
106
178
8
325
3984
3328
1406
1256
2979
3793
319
2777
3262
3386
344
3155
1808
819
3192
2504
153
1986
1872
3516
607
3584
1605
1791
3795
1422
2167
3589
845
2689
267
1004
2158
1376
2956
1848
2063
3158
2297
910
2522
460
1500
755
379
2577
493
2012
3274
1155
2321
3200
374
3133
2809
746
1972
302
1833
2782
1903
1404
1936
139
3372
759
377
254
3724
2390
2896
949
1466
1375
2439
3892
1148
1655
629
1078
1698
1675
699
2119
1046
1963
562
925
2792
535
1838
955
605
650
1292
3183
1560
772
3631
584
2869
2581
3959
888
839
813
3173
3275
3897
2613
2724
1895
2613
623
182
1214
2478
841
2033
3780
1201
3150
3441
2140
331
3893
1310
3713
1231
2144
3910
628
2559
3194
2731
3843
1838
2491
1681
3649
2385
343
1582
3215
2213
2879
337
443
1402
2698
2796
199
1056
234
2386
706
2588
3853
2701
832
1698
30
2937
2707
669
3932
2858
1378
1447
2242
1682
2341
3031
3402
2736
2361
2731
283
2337
2898
325
2899
1193
1749
971
1055
913
2538
958
3377
2708
3468
3950
1156
563
1434
915
323
3523
1672
539
3415
2080
3327
1710
3064
2805
1972
530
3948
3592
15
3787
3101
2416
2003
3086
2620
1171
1040
236
1542
1525
2412
378
897
2764
1487
1575
3051
1660
1212
2165
1803
726
1844
377
3055
2937
3774
3715
1076
3944
1770
807
3198
1258
1186
2210
1698
1267
2028
375
2199
3282
3040
1355
951
2051
438
2041
2152
1809
1922
388
3678
3752
2845
26
2410
948
3822
2888
3917
1649
291
238
86
707
2232
3778
639
2445
464
874
2685
1721
1430
915
1000
559
38
3097
1711
3347
2089
1248
564
1594
1487
2842
1134
1614
1864
99
1489
3361
757
3086
3104
1517
1058
1762
499
2016
984
3479
236
3562
2206
2721
2979
3076
2592
3458
3728
2493
1447
3490
1382
3947
1535
624
3481
1519
3366
3289
719
316
1889
2818
3078
496
1572
2303
3480
1576
2932
1248
2349
119
3102
184
2608
3670
8
766
764
1237
2228
1335
3237
3910
1196
1195
1810
1979
2544
1747
3926
604
641
3658
2835
3281
2830
1659
2372
186
3655
1863
3519
1027
2495
87
3015
3639
1474
3242
3440
1761
684
2828
3347
3461
3566
3707
2271
3357
3058
3529
2218
3684
3436
207
648
3720
2425
2667
1856
418
2605
3417
893
465
3251
2783
1307
3463
3594
1502
775
1349
852
1470
3332
2273
3260
3573
968
788
1490
3129
83
2369
1175
2685
1890
720
2108
3015
2282
2223
178
200
3770
2224
3374
953
514
3247
3770
103
2843
1415
3389
3036
3199
556
72
41
2823
1798
2767
2226
377
335
163
121
3902
3464
2236
1873
1864
487
3754
2056
3563
2624
2337
3445
220
1230
3839
1541
2684
1721
1424
389
46
3007
3033
3590
1963
1354
2784
2580
1769
3255
1841
566
3655
2859
1859
2856
2480
249
2134
2330
536
2715
992
1399
1281
3640
2104
2328
2924
2719
2971
1442
1144
132
906
238
1839
3083
3926
1492
2970
2127
1144
3970
599
617
2297
1329
221
3736
3508
3335
2740
2365
575
2718
23
487
3643
809
2243
1930
1711
3578
506
2984
891
3470
3802
3238
410
3755
3053
3960
2387
2276
312
185
3355
3268
2313
719
488
2482
1301
50
1918
3206
750
17
840
2246
294
3449
3820
2397
414
1997
2016
3042
1939
749
3206
2658
3508
2564
494
2705
357
1574
1310
2248
1244
141
128
1321
762
3102
860
1462
406
2614
3631
877
1601
3469
1910
2341
1244
774
1119
262
905
1170
643
1646
3012
724
3837
2690
363
3259
800
3117
3722
944
1747
307
2460
2666
3222
1912
1019
387
3907
766
3959
1519
2642
2944
210
2669
314
2855
3307
2497
1166
1555
1124
1505
254
1101
1771
2131
453
3335
3498
806
1529
1803
2253
2455
1341
1904
2270
1808
2554
2238
1271
1070
1440
3491
1853
2219
2191
3083
1147
3743
3115
365
2601
3534
1490
3554
3859
1467
3890
1386
2855
1461
2160
153
2062
154
3252
2993
3833
3752
1889
3756
443
2172
2533
1923
1708
1908
569
381
945
735
2689
3380
2265
3120
1255
1868
3992
1997
124
2468
718
2377
213
2165
1895
2558
1280
3242
63
324
1222
1795
2659
77
3772
404
1333
338
3731
2705
1568
3097
433
331
2253
2818
3240
2796
3551
105
3956
1215
2780
710
1080
493
1388
636
1399
1595
2209
565
1826
456
2407
988
3420
3417
122
3063
779
450
409
3287
3416
895
1905
3461
3999
356
1756
3882
3823
2127
2087
1889
1321
1908
749
3190
1967
3526
2663
2581
2714
3046
2255
1364
1737
1699
3109
165
250
1271
1221
529
221
3856
584
3570
2380
891
1748
827
3002
1238
203
505
1279
1580
1987
2132
3577
1623
2790
2635
428
3863
722
1992
3726
3001
3435
1922
1634
2076
2631
2575
2350
589
793
3692
2280
694
2966
2458
2985
2518
2213
1004
1656
828
1628
1429
2712
3604
825
2519
2409
335
3838
414
1607
3835
3172
2334
229
3474
3703
1101
1764
1835
925
1459
210
894
984
259
3730
195
124
1492
581
3040
667
234
1991
3286
34
864
1789
2049
1888
1703
867
1521
1794
2324
1148
2726
270
574
1523
2237
828
3042
1416
1822
1552
2437
59
2523
2334
342
1344
1338
191
27
2215
3619
1194
617
3260
627
261
2912
2283
2789
3521
3311
3104
2652
3910
2251
2512
197
661
2440
909
3828
3800
316
3929
2767
1909
3667
1260
2368
1156
256
3491
3217
2973
3212
1091
1397
318
2906
918
2412
2361
3811
1257
2812
1798
1294
2447
2043
2781
2786
916
1921
2487
3401
1356
2960
2817
1093
2316
918
1285
3645
2322
442
675
3294
3445
166
3445
2578
2966
1470
3251
354
596
1141
1484
3402
1786
2824
3904
3033
3895
2215
3538
602
614
767
700
1674
3669
3653
1024
2400
3071
3156
1026
57
835
444
488
3267
1692
805
3283
842
2841
1504
741
725
144
3803
1954
219
2273
338
1756
3597
77
2096
2153
2272
3495
3808
156
603
2448
1464
1077
1281
429
2986
3735
3198
677
3363
3117
2298
446
3338
321
611
895
265
3791
2697
813
1492
2201
485
2894
3522
3487
1970
1237
554
3103
3506
2405
701
1943
3237
1902
2794
3118
48
1696
1163
2492
736
963
3301
1721
64
641
2677
1224
707
3397
3217
116
2604
3912
803
1820
2407
1622
824
285
564
3626
1857
3514
1389
3553
274
3579
1319
2859
1830
2125
3507
2492
3176
585
1719
2071
1308
3926
3814
3843
2670
670
271
2203
553
21
558
3016
3194
3201
3923
395
3975
796
1760
2772
1096
1950
678
3365
3524
3350
3675
3765
2568
3455
513
2195
1691
3617
3365
591
1077
3704
1419
754
3411
1311
2697
1723
3421
2843
3307
1273
3688
625
3296
1332
3572
136
1598
847
3807
2594
1835
4
3765
1317
336
3831
362
3362
1590
2918
3252
1200
263
1527
278
2391
2440
589
3123
3181
1868
1887
433
1522
3500
3076
941
2881
3692
1681
1873
3334
1187
284
3628
2523
1969
114
1620
1872
2819
2469
2902
2786
1102
1136
2651
3543
2942
452
3469
2973
2357
2555
2798
3391
641
1301
3361
2140
1671
740
1777
1956
3998
1229
1318
968
2968
2837
1025
471
190
3617
1760
3116
1542
3535
1472
946
37
2265
2779
2191
973
2524
1850
3431
1216
2642
1294
285
2541
3585
2989
3377
649
3363
3446
1741
3170
3408
105
2609
2082
3697
3210
1934
2579
1603
739
1451
3443
2709
1141
2286
1827
1415
3350
1824
408
3290
3709
3399
165
3444
806
3274
2764
371
3944
2631
3509
250
578
61
3582
590
1397
2275
385
1305
3910
2524
411
1325
42
2119
307
231
2313
2213
116
3858
508
3814
1094
2475
2875
2790
3918
1789
3382
3512
312
2026
477
3079
3717
3974
3030
832
20
2156
1911
3270
1630
2094
959
237
3178
1432
2742
1710
2014
1141
3458
243
908
3829
3413
126
3190
1159
1788
2687
1208
2569
3542
2147
3008
341
267
3541
2366
2430
2819
2716
3768
3065
2314
3155
104
2108
2081
1137
1460
1508
249
3907
822
2789
919
1971
3302
758
1265
2246
2707
2516
2224
428
1736
1105
2171
3084
1900
1028
962
2153
2646
757
1648
777
1293
342
2763
2688
300
2757
3774
3900
3973
1406
782
2002
2837
2387
1263
2946
1661
3605
3590
454
2251
1231
2969
1563
2019
1764
3013
1865
3015
326
2113
1717
3531
1831
3689
3067
2225
26
2203
3513
184
2324
3241
476
3531
3024
1444
1729
1758
1928
1258
1754
1845
2415
2335
1672
1209
3494
3183
3089
608
1818
2568
2053
384
672
911
231
3747
2311
1845
2288
3432
3881
2752
3257
3162
2444
676
3736
1194
1672
1525
1512
1112
460
177
3554
1861
3517
1235
1419
2401
3061
1739
2727
783
3121
1117
2514
127
1932
2450
2230
3281
2999
1059
2273
1109
809
998
2699
2260
3556
2918
3828
3087
1744
782
1636
104
1322
1443
440
3606
452
2020
2905
1783
2132
3605
2547
2953
3686
1830
3451
3088
3226
2018
783
2981
1126
3397
774
2207
1925
2409
2672
1812
462
1805
3366
1877
898
3583
595
3952
3295
2469
2063
2662
158
3718
1087
1940
397
960
860
1408
1622
1468
866
1201
2289
2918
3683
734
2582
3706
933
1201
2828
3869
1218
1222
2534
1822
3632
1766
2517
200
2009
699
1264
2711
2519
185
2299
686
1861
3831
2262
2200
2809
2828
3462
466
675
1721
1756
3449
2735
3561
2131
2061
158
554
2458
1412
3513
38
3824
970
1096
718
3649
2887
448
2632
3708
1594
3884
3383
1324
31
1252
1368
516
597
3624
2016
2011
2746
2174
3854
1524
2041
724
1172
3393
3466
2673
3703
3915
3044
1365
2652
1655
1724
502
1245
846
1758
1134
2770
591
3779
62
2679
2797
2579
2333
3383
2895
1740
2670
2840
1220
1371
2569
1847
2270
2537
1246
1468
347
3756
2394
3205
1144
1834
1181
2220
2853
2237
53
856
3795
983
2545
2199
507
3565
2915
3163
1229
1833
1706
981
3310
1399
3504
3465
984
3797
2677
1433
3095
3708
84
3864
1293
2768
2502
97
3386
1947
181
954
308
2443
3798
275
3695
2519
2381
3917
2214
1440
3397
1953
1336
1454
848
3641
2839
3896
2863
2815
2398
3782
3170
2247
3044
2461
1498
1915
2229
3517
3159
824
3017
2071
2470
1441
2312
2387
3755
1097
3469
2748
30
777
571
342
794
172
3045
610
2043
504
1395
722
2578
1004
2360
2039
2687
1107
761
1168
3607
2695
167
2129
700
1844
2810
2147
2060
1353
2176
956
819
295
1545
3364
2436
1611
3486
417
114
2434
3895
2087
1834
3514
3429
828
3780
715
2558
349
2447
252
2736
2600
931
1334
337
832
560
3068
1240
2207
1730
96
345
2105
3061
327
1763
77
93
1161
1260
2316
1750
1167
3343
3293
